Introducing contestants...
0x0000 : 03 03 70 03 fd 03 ee 17 03 70 03 70 03 17 03 ee 1a 03 70 03 13 03 70 03 70 03 13 03 70 03 03 70 03 03 70 13 17 03 70 f2 03 70 03 70 ff ff ff ff 03 70 03 00 08 02 1a 03 70 03 70 03 03 0f 03 70 
0x0040 : 03 03 70 f2 03 70 03 17 03 70 03 f6 03 ee 03 70 03 13 03 70 03 f6 03 70 03 1a fd 03 70 03 00 0f 03 0f 03 70 03 03 70 ff 01 00 fd 03 70 03 00 35 00 00 fd fd 03 70 03 17 03 70 03 70 0f 03 70 03 
0x0080 : 03 03 70 0f 03 70 03 03 70 03 03 70 03 f6 03 70 03 fd 03 70 03 01 f9 03 70 03 ee 03 70 03 fb 09 ee 03 70 03 03 13 03 0f f2 03 70 03 fd 03 70 03 70 03 03 03 70 03 0f 03 70 03 f2 03 17 03 70 03 
0x00c0 : 01 0f 03 70 03 fd 03 70 03 ee f6 03 70 03 ee f6 03 70 ee 03 70 03 70 03 03 70 03 f9 03 70 03 17 03 70 ee 00 00 00 0f 03 70 03 0c 0c 0f 1a 03 70 03 f9 03 1a 03 70 1a 03 70 03 70 70 03 70 03 70 
0x0100 : 03 f9 03 70 03 03 fd 03 70 03 03 70 03 fd 03 70 03 ee 03 ee fd 03 70 03 f6 03 1a 03 70 03 f6 03 17 03 17 03 70 03 70 ee 17 03 70 13 03 70 03 70 fd 03 70 03 0f 03 70 03 70 03 70 03 f6 03 70 03 
0x0140 : ff ff ff 17 03 13 03 01 17 03 70 70 03 fd 03 70 03 f9 03 70 03 fd 03 70 03 70 03 ee 03 17 03 70 03 ee 03 70 03 07 f6 13 03 70 03 03 1a 03 70 1a fd 03 70 03 03 70 03 01 13 03 70 ff ff ff 0f 03 
0x0180 : 70 03 f2 03 70 03 70 fd 0f 03 70 03 03 f6 ee 03 70 00 00 1a 03 70 03 03 70 fd fd 03 70 03 03 70 03 01 13 03 f9 f9 03 70 03 0f 03 fd 03 70 ee 13 03 70 ee 03 70 0f 03 70 03 03 70 03 70 03 ee 13 
0x01c0 : 03 70 ee 13 03 70 fd 03 70 03 ff ff ee 03 70 fd 03 70 03 03 70 f9 03 70 03 ee 03 13 03 70 03 f6 03 70 13 03 70 03 f6 03 70 03 00 00 00 00 03 13 03 00 00 00 00 1a 03 70 f6 03 70 f9 03 70 03 03 
0x0200 : 70 03 03 70 03 13 03 70 fd 03 70 03 03 70 03 ee f6 17 03 70 03 03 70 03 1a 03 70 03 03 03 0f 03 70 03 03 1a 03 70 03 fd 03 0f 03 70 03 70 03 ee 13 03 70 0c 17 03 f6 03 70 03 70 03 70 03 70 f9 
0x0240 : 03 70 03 0f 03 ee 13 03 70 0f 03 ee fd 03 70 03 fd 03 17 03 70 03 13 03 70 03 f6 03 70 03 01 02 02 fd 17 03 70 03 70 0f 03 70 03 03 17 03 70 03 17 03 70 03 03 13 0f 03 fd 03 70 03 03 03 70 fd 
0x0280 : f6 03 fd 03 70 03 17 03 70 03 03 fd 13 03 70 03 17 f9 f6 03 70 03 03 03 70 03 13 0f 03 70 03 03 70 03 13 f2 03 70 03 17 03 70 03 03 70 03 17 03 70 03 03 70 03 03 ff ff f9 03 fd 03 70 03 f2 03 
0x02c0 : 70 03 fd 03 70 03 13 03 70 13 03 70 03 03 70 03 13 03 70 ee fd 03 70 03 03 70 03 17 03 f9 03 70 03 03 70 f9 03 70 f2 03 70 03 03 ff 3b 1a fd 03 70 03 03 70 03 ee 17 03 70 03 fb 73 03 0f 03 70 
0x0300 : 03 f6 03 70 01 1a 03 70 03 f6 0f 01 1a 03 70 f6 03 70 03 ee 03 70 03 03 03 0f 03 70 0f 03 fd 03 70 03 f6 03 70 03 ee 03 70 03 03 f6 03 70 03 13 03 70 03 1a 13 03 70 03 0f ee 17 03 70 03 70 fd 
0x0340 : 1a 03 70 03 03 70 03 0f 03 70 ee 03 70 f9 17 03 70 03 17 03 70 03 fd 03 70 03 70 03 03 f2 03 70 03 ee 03 f2 03 70 03 1a 03 70 03 df 0f 03 70 03 17 03 70 03 03 70 03 0f ee 17 ee 03 0f 03 70 03 
0x0380 : ff ff ff ff 13 03 70 03 f6 03 70 03 03 70 03 01 0f 03 70 03 03 03 0f 03 70 03 f2 03 00 00 00 00 70 0f 03 0f 03 70 03 17 03 70 03 ff ff ff ee 13 03 70 03 70 1a 03 70 03 f6 1a 03 70 03 03 03 70 
0x03c0 : 03 13 03 70 00 00 00 00 03 70 fd 03 70 03 ee 03 17 03 0f 03 70 03 70 17 03 70 03 03 03 1a f2 03 70 03 00 ff ff 03 70 0f 03 70 fd 03 70 03 03 70 03 17 03 70 03 70 03 17 ff ff ff ff 03 ff 3b fb 
0x0400 : 07 02 00 ee 0f 03 70 03 ee 03 70 03 0f 03 70 03 03 f6 03 70 03 03 70 f9 03 70 03 03 70 03 f2 17 03 70 03 70 ee 03 1a 03 70 03 03 03 70 17 03 70 03 03 70 03 ee 00 00 00 1a 03 70 03 03 70 ff 13 
0x0440 : 17 03 70 ee 03 1a 03 70 03 17 03 70 03 03 1a 03 70 03 f2 03 70 03 17 03 70 03 13 03 70 03 03 17 03 70 03 17 03 70 17 ee 03 70 03 03 f6 03 70 03 fd 03 70 03 03 ff ff ff ff 03 00 00 00 00 03 17 
0x0480 : 03 70 03 03 f9 03 0f 03 70 03 70 03 f6 03 70 03 fd f2 03 70 17 03 70 03 03 70 03 17 03 70 03 03 70 03 03 fd 03 70 fd fd 03 70 03 03 70 03 f2 03 70 1a 03 70 03 03 70 03 03 70 fd 03 70 fd 03 70 
0x04c0 : 03 03 70 03 03 f6 03 70 03 ee 03 70 03 03 70 03 0f 03 70 03 ee 03 70 03 ff df 03 17 03 70 1a 03 70 03 03 70 03 70 13 03 70 03 03 17 03 70 03 03 00 00 00 00 00 00 03 0f 03 17 0f f9 03 70 03 03 
0x0500 : ff 0f 03 70 03 ff ff ff 1a 03 70 03 fd 03 17 1a 03 70 03 00 03 03 70 00 00 00 00 70 fd 03 f6 03 70 03 17 ee 13 03 70 f9 03 70 03 fd 03 70 03 03 70 03 00 00 00 f2 03 70 03 03 70 03 03 f6 f2 03 
0x0540 : 70 03 0f 03 70 03 03 70 03 17 03 70 03 03 70 1a 17 03 17 03 70 03 ee 03 70 03 17 03 70 03 03 70 03 0f 03 f9 03 70 03 f2 03 70 03 fd 1a 03 70 03 09 0f f9 03 70 03 17 03 70 03 0f 03 70 03 0f 03 
0x0580 : 70 03 fd 03 70 03 17 03 70 03 03 70 03 03 70 fd 03 70 03 17 03 70 17 03 70 03 0f 03 70 03 0f 03 70 03 03 03 00 00 1a 03 70 03 13 03 70 03 ff 17 03 70 fd 03 70 03 03 f2 03 70 03 03 70 03 03 70 
0x05c0 : 03 03 70 03 0f 03 70 03 17 03 70 03 03 00 f6 03 70 03 ff 17 03 70 03 17 03 70 03 13 03 70 03 03 70 03 03 0f 03 fd 03 70 03 17 03 f6 13 03 70 03 ee 03 70 1a 03 70 03 70 03 0f 03 70 03 17 03 70 
0x0600 : 03 03 00 00 00 00 03 70 03 03 fd 03 17 03 70 03 03 70 03 03 0f 03 70 03 70 03 17 17 03 70 f9 03 70 03 fd 03 70 ee 03 70 03 03 03 70 ee 03 70 03 17 03 70 03 03 70 fd 03 70 03 0f 03 70 03 fd 03 
0x0640 : 70 03 ee 03 70 03 03 f2 03 13 03 70 13 03 0f 0f 03 70 03 03 70 03 ee 03 70 03 1a 03 70 03 f9 03 70 03 03 70 03 03 ee 03 70 03 70 0f 03 70 03 03 17 03 70 03 01 00 f2 03 70 fd 03 70 03 03 70 03 
0x0680 : ee 03 70 03 03 70 ee 03 70 03 03 70 03 03 70 f9 03 17 03 fd 03 70 03 03 70 03 0f 03 70 03 70 03 03 70 0f 03 70 fd 03 70 03 03 17 03 70 03 03 03 f6 03 70 03 03 70 03 fd 03 70 03 00 00 f6 03 70 
0x06c0 : 03 ff ff ff ff ff 01 17 ee 03 70 03 ee 03 70 03 70 03 03 70 03 17 03 13 03 70 03 17 03 70 03 ff ff ff 0f 03 70 03 ff ff 01 17 03 70 ee 03 17 03 70 03 70 00 00 00 00 00 13 17 ee 03 70 03 03 03 
0x0700 : 03 ee 03 70 17 03 70 03 00 00 00 00 03 70 03 f6 03 70 03 03 70 0f 03 70 03 03 0f 03 70 03 03 17 03 70 03 ee 03 70 03 03 ee 03 70 ee 03 70 03 03 70 03 0f 03 70 03 03 03 03 17 03 70 03 03 70 03 
0x0740 : 70 03 f6 1a 03 f9 03 70 03 ff ff ff ff f6 f9 03 0f 03 f2 03 70 03 70 03 03 03 17 03 70 03 17 03 70 03 70 03 03 70 03 ff 1a 03 70 03 70 ee f2 03 70 f2 03 70 03 17 03 70 03 00 00 00 00 00 03 17 
0x0780 : 03 70 03 0f 03 fd 03 17 03 70 03 0f 03 70 03 0f 03 70 03 03 70 03 ee 03 70 03 fd 03 70 03 03 f9 03 ee 03 70 03 70 03 f9 f2 ee 03 70 03 03 fd 03 70 03 ee 03 70 03 02 13 03 70 03 03 0f 03 70 17 
0x07c0 : 03 70 03 00 00 00 ff 03 03 70 03 17 03 70 03 70 f2 03 70 03 03 70 03 70 03 00 17 17 03 70 03 03 ff f6 03 70 03 f6 03 00 00 00 00 01 13 03 70 03 13 03 70 03 17 03 70 fd 03 70 03 03 70 03 13 03 
0x0800 : 70 03 03 0f f6 03 70 03 17 03 70 03 13 00 00 00 17 03 70 00 00 00 00 ff 01 fd 03 70 03 03 03 17 03 fd 03 70 03 ee 03 70 03 03 70 03 ee 03 70 03 70 17 ee 03 70 03 03 17 03 70 03 03 f6 03 70 0f 
0x0840 : 03 70 03 ee 03 70 03 ff ff ff f6 03 70 03 f6 03 f6 03 1a 03 70 03 f6 03 0f 03 70 03 70 03 0f 03 70 03 ee 03 70 03 70 03 03 70 13 03 70 03 03 70 03 ff 1a 03 70 03 03 70 03 f6 03 70 03 1a 03 f9 
0x0880 : 03 70 03 03 03 70 03 70 1a 03 70 1a 03 70 03 f9 03 70 03 fd ee 03 f9 03 70 03 03 17 03 70 03 17 03 1a 03 70 03 ee 03 70 03 03 ee 03 fd 03 70 03 f6 03 70 03 03 70 03 13 03 70 03 ff ff 01 ff ff 
0x08c0 : ff ff ff ff 01 00 0f fd 03 70 03 ff ff f9 03 70 03 ee 03 70 03 0f 17 f6 03 70 03 f6 03 1a 03 70 03 03 03 03 17 f6 03 70 03 ff 01 ff ff 0f 03 0f 13 03 70 03 17 03 70 03 70 03 ff 1a 03 70 03 ee 
0x0900 : 0f 03 70 03 70 03 ff ff ee 03 17 03 70 03 70 02 00 f2 03 70 03 ee 03 13 03 70 03 03 03 0f 03 70 03 70 03 03 17 03 70 03 17 03 70 03 70 03 ee 0f 03 70 1a 03 70 03 70 03 03 ff 17 03 70 03 0f 03 
0x0940 : ee 03 70 0f 03 70 03 03 ff 03 0f 03 70 03 03 70 03 03 03 70 03 00 00 00 00 03 ee 03 70 03 0f 03 70 03 01 ff ff ff ff ff f2 03 70 03 03 70 03 03 03 17 03 70 ee 03 70 03 17 03 70 03 ee 03 70 03 
0x0980 : 03 13 03 0f 03 70 03 17 03 70 03 03 70 03 03 17 03 70 03 f9 03 70 03 03 70 03 03 0f 03 fd 03 0f 03 70 03 03 70 03 00 13 03 70 03 03 70 03 00 00 00 ff 00 13 03 70 1a 0f 03 70 03 ff 01 ff ff ff 
0x09c0 : f6 03 70 03 00 0f 03 70 03 13 03 70 03 ff f6 03 1a 03 70 03 ff ee 03 70 03 03 17 0f 03 70 03 ff 01 13 03 70 03 03 03 17 03 f9 03 70 03 ff f9 03 f2 03 70 03 70 03 00 f6 0f 03 70 03 00 ff ff 01 
0x0a00 : 00 f2 13 03 70 03 0f 03 70 03 03 70 1a 03 70 03 0f 0f 03 70 03 03 70 03 00 f6 17 03 13 0f 03 70 03 1a 03 70 03 00 03 70 1a 03 70 03 ee 03 0f 03 70 03 17 03 70 03 03 ff ff 03 17 03 70 03 13 03 
0x0a40 : 70 03 ff 01 ff ff ff f6 0f 03 70 03 ff ff f6 03 70 13 03 70 03 03 70 03 03 70 03 0f fd 03 17 03 70 03 ff ff ff ff 0f 03 70 03 ee 03 70 03 03 f6 03 70 03 01 00 70 03 17 13 03 70 03 03 70 03 01 
0x0a80 : 00 ff ff ff 03 13 03 13 03 70 03 03 70 03 01 17 03 70 03 f9 03 70 03 17 03 70 03 fd 17 03 70 03 17 03 70 03 00 00 1a 03 70 03 fd 03 00 00 00 00 ff ff ff 00 00 00 00 ff ff 01 0f 03 70 03 03 1a 
0x0ac0 : 03 70 03 03 09 ff df 03 ff f2 03 70 03 17 03 70 03 02 00 13 00 00 09 ff df 03 f6 03 70 03 03 70 03 ff ff ff 01 17 03 70 03 70 03 1a 03 17 03 70 03 0f 03 1a 03 70 03 ff ff ff ff ff f2 03 70 03 
0x0b00 : 03 70 17 03 70 03 f9 03 70 03 70 03 fd 03 70 03 17 03 70 03 03 70 fd 03 70 ee 03 70 f6 03 70 03 03 03 03 70 13 03 70 03 fd 03 70 03 70 03 0f 03 70 03 ee 03 70 03 70 03 03 70 02 00 0f 03 1a 03 
0x0b40 : 70 03 01 ff ff ff ff 0f 03 70 03 ff ff 01 00 ff ff 01 03 70 02 00 0f 03 70 03 ee 03 70 03 17 03 70 ff ff ff ff ff ff 70 ff 0f 03 70 03 03 70 02 17 03 70 03 70 02 13 03 17 03 70 03 03 03 70 03 
0x0b80 : 03 17 03 70 03 03 03 13 ee 03 70 03 ff 17 03 70 03 ff ff ee 03 70 17 f6 03 13 03 70 03 13 13 03 70 03 ee 03 70 03 ff 70 03 ff f9 03 f2 03 70 03 ff ff ff 03 70 02 00 ff ff ff ff ff ff ff ff 03 
0x0bc0 : 70 02 17 03 70 03 03 70 03 17 03 70 03 ff 03 70 02 00 0f 03 70 03 ee 03 70 03 ff ff ff ff ff ff f9 00 00 00 00 0f 03 70 03 1a 03 70 03 0f 03 70 03 f6 03 70 03 03 70 03 17 03 70 03 70 02 ff f6 
0x0c00 : f6 03 70 03 ff 01 fd 03 70 03 ff ee 03 17 03 70 03 03 ff ff 01 ff ff 17 03 70 03 02 ff 0f 03 70 fd 03 70 03 03 03 70 03 01 00 ee 03 70 03 1a 03 70 03 17 03 70 03 70 03 03 02 ff 0f 03 70 03 ff 
0x0c40 : ff 01 ff ff ff ff ff 09 ff df 0f ff 0f 03 70 fd 03 70 03 ff ff 17 03 70 03 17 1a 03 70 03 17 03 ee fd 03 70 03 ff ff ff fd 03 70 03 70 1a 03 70 03 00 ff ff 01 00 0f 03 70 03 ff ff 17 03 70 03 
0x0c80 : f9 03 70 f6 03 17 03 70 03 13 03 70 03 ff ff f9 03 70 03 17 03 70 03 70 03 0f 03 70 03 f6 03 70 03 ff ff ff ff 13 03 70 03 17 03 70 03 17 03 70 03 03 70 02 f9 03 70 03 ff ff 01 00 03 70 02 00 
0x0cc0 : 00 ff ff ff ff 13 03 70 03 f6 03 70 03 ff ff ff ff 0f 1a 03 70 ff ff ff ff ff 00 00 ff ff ff 00 00 00 00 ff ff 17 03 70 03 fd 03 70 03 ee 03 70 03 03 70 00 00 00 00 ff ff ff 0f 03 70 03 df 03 
0x0d00 : ff ff fd 03 13 03 70 03 70 17 03 70 03 fd 03 70 03 ff ff 17 03 70 1a 03 70 03 f6 03 17 03 70 03 ff 17 03 70 03 ff ff ff ff 01 00 02 00 ff 0f 03 70 03 03 00 ff 0f 03 70 03 17 03 70 03 00 03 70 
0x0d40 : 02 00 ff ff ff 03 70 02 00 17 03 70 03 ff ff 01 ff ff ff 17 0f 03 70 03 ff ff ff fd 0f 03 f2 03 70 03 03 03 70 03 00 13 03 70 03 ff ff fd 03 70 f2 03 70 03 70 03 f2 03 70 03 ff ff 01 ff ff ff 
0x0d80 : ff ff 01 00 03 70 f2 03 70 03 03 70 03 03 fd 03 70 03 ff f2 03 17 03 70 03 13 03 70 03 13 03 70 03 70 03 03 70 03 03 0f 03 f6 03 70 03 03 70 03 03 00 0f 03 70 03 ff ff 0f 03 70 03 f2 03 70 03 
0x0dc0 : 00 0f 03 70 03 17 03 70 03 fd 03 70 03 ff 01 00 ff 17 03 70 03 70 03 ff f2 03 70 03 df 03 00 0f 03 70 03 ff ff 01 ff ff ff ff 13 03 70 03 70 03 01 00 ff ff 01 ff ff ff ff 01 00 03 70 02 00 70 
0x0e00 : 03 03 ff ff ff ff ff ff 01 00 ff ff ff ff 01 00 ff ff 17 03 70 03 ff 03 70 02 00 0f ee fd 03 70 03 70 03 ff 0f 03 70 03 ff ff ff ff ff ff 03 17 03 70 03 ff ff 01 00 0f 03 17 03 70 03 0f 03 70 
0x0e40 : 03 17 03 70 03 00 70 02 1a 03 70 03 ff f6 03 70 03 ff ff 01 17 03 70 03 03 0f 03 70 ff ff 01 00 03 00 00 00 00 03 17 03 70 03 17 03 70 03 ff ff ff 03 70 02 fd 03 70 fd 03 70 03 03 ff ff ff ff 
0x0e80 : 0f 03 fd 03 70 03 fd 03 70 03 13 03 70 03 f9 03 70 03 03 ee 03 70 03 09 f9 03 f9 03 70 03 03 17 03 70 03 03 70 03 ff ff f2 03 70 03 ff f2 03 70 03 17 03 70 03 13 03 70 03 03 ee 03 70 03 00 13 
0x0ec0 : 03 70 03 70 ff ff 00 ff ff ff ff 03 1a 03 70 03 70 03 ff ff ff ff ff ff ff 03 03 70 02 00 ff 01 00 ff ff ff ff ff ff ff ff ff ff ff f2 03 70 03 ff df ff ff ff ff ff ff ff ff ff ff 03 13 03 70 
0x0f00 : 03 f2 03 70 fd 03 70 03 70 13 03 1a 03 fd 03 70 13 17 03 70 03 ff ff ff 17 03 70 03 17 03 70 03 01 ff ff 0f f2 03 70 03 ff 70 02 ff 17 03 70 02 00 ff 01 ff ff ff ff 09 fd 03 70 03 17 03 70 03 
0x0f40 : 03 ff ff fd 03 70 03 f6 03 13 03 70 03 f9 03 70 03 70 03 fd 03 70 03 fd 03 70 03 fd 03 70 03 0f 03 fd 03 70 03 02 ff ff 01 00 fd 03 70 03 ff ff 0f 03 70 03 fd 03 70 f2 03 70 03 ff ff 0f 03 ff 
0x0f80 : ff ff ff ff ff ff ff 70 03 70 f6 03 70 03 03 fd 13 fd 03 70 03 ee 03 70 03 03 70 03 ee 03 ff f6 03 70 03 09 1a 03 70 03 0f 03 70 03 ee 03 70 03 70 17 03 70 03 f6 03 70 03 03 ff ff 01 f6 ee 13 
0x0fc0 : 03 ee 13 03 70 01 13 03 70 f6 03 70 03 ff f2 03 ff ff ff ff 70 03 ff ff ff 1a 03 fd 03 70 03 1a 03 70 03 0f 03 70 1a 03 70 03 ee 03 70 03 70 03 03 ee 1a 03 70 17 03 70 03 03 00 17 03 17 03 70 
* Player 1, weighing 682 bytes, "Kappa" ("AKA Kappa Sandwich.") !
